2 3
2 4
2 5
2 6
2 12
2 13
2 14
2 18
2 23
2 24
2 29
2 30
2 33
2 34
2 38
2 39
2 40
2 42
2 45
2 47
2 50
2 51
2 52
2 53
2 54
2 56
2 58
2 60
2 62
2 63
2 64
2 65
2 67
2 69
2 71
2 72
2 73
2 74
2 76
2 79
2 80
2 81
2 85
2 87
2 90
2 91
2 92
2 93
2 96
2 97
2 99
2 102
2 103
2 108
2 109
2 110
2 111
2 112
2 115
2 117
2 120
2 123
2 124
2 125
2 126
2 127
2 128
2 129
2 132
2 137
2 138
2 139
2 140
2 141
2 143
2 144
2 145
2 147
2 149
2 150
2 152
2 154
2 155
2 159
2 160
2 162
2 164
2 166
2 167
2 169
2 170
2 171
2 172
2 173
2 175
2 176
2 179
2 182
2 184
2 187
2 189
2 190
2 194
2 200
2 201
2 203
2 204
2 207
2 213
2 215
2 216
2 217
2 219
2 223
2 224
2 226
2 227
2 228
2 230
2 233
2 234
2 235
2 236
2 239
2 241
2 243
2 244
2 245
2 246
2 248
2 250
3 4
3 5
3 6
3 14
3 39
3 40
3 50
3 52
3 56
3 62
3 71
3 73
3 87
3 91
3 93
3 108
3 110
3 128
3 132
3 143
3 145
3 149
3 159
3 164
3 179
3 184
3 187
3 190
3 201
3 207
3 208
3 215
3 219
3 224
3 229
3 230
3 234
3 236
3 239
3 241
3 243
3 245
3 246
3 248
3 250
4 5
4 6
4 11
4 14
4 39
4 40
4 50
4 52
4 56
4 62
4 63
4 64
4 71
4 73
4 87
4 91
4 93
4 108
4 110
4 125
4 126
4 128
4 129
4 132
4 143
4 145
4 149
4 159
4 164
4 167
4 169
4 170
4 173
4 175
4 179
4 184
4 187
4 190
4 200
4 201
4 207
4 208
4 215
4 216
4 219
4 224
4 226
4 229
4 230
4 231
4 234
4 235
4 236
4 238
4 239
4 241
4 243
4 244
4 245
4 246
4 248
4 250
5 79
5 87
5 109
5 125
5 132
5 139
5 143
5 144
5 167
5 173
5 190
5 216
5 224
5 231
5 244
6 52
6 56
6 73
6 129
6 132
6 139
6 159
6 166
6 173
6 187
6 215
6 226
6 234
6 238
6 245
11 12
11 14
11 18
11 24
11 32
11 50
11 65
11 67
11 69
11 71
11 73
11 74
11 76
11 79
11 80
11 81
11 85
11 91
11 96
11 102
11 103
11 110
11 111
11 120
11 125
11 126
11 127
11 137
11 138
11 147
11 149
11 150
11 152
11 159
11 160
11 162
11 167
11 171
11 184
11 189
11 200
11 207
11 213
11 217
11 219
11 223
11 224
11 229
11 230
11 231
11 234
11 236
11 250
12 24
12 45
12 49
12 58
12 66
12 80
12 85
12 87
12 96
12 109
12 124
12 132
12 137
12 138
12 162
12 172
12 179
12 194
12 200
12 215
12 216
12 223
12 224
12 227
12 243
13 18
13 33
13 64
13 67
13 80
13 81
13 92
13 97
13 117
13 189
13 203
14 23
14 24
14 33
14 39
14 40
14 50
14 51
14 53
14 62
14 64
14 65
14 66
14 67
14 69
14 73
14 74
14 80
14 85
14 91
14 93
14 97
14 99
14 103
14 109
14 110
14 111
14 112
14 120
14 124
14 126
14 127
14 137
14 138
14 139
14 140
14 147
14 149
14 150
14 152
14 154
14 159
14 160
14 167
14 179
14 187
14 189
14 194
14 200
14 201
14 203
14 213
14 215
14 216
14 217
14 223
14 224
14 229
14 230
14 236
14 239
14 241
14 245
14 248
14 250
15 32
15 58
15 73
15 74
15 79
15 109
15 125
15 126
15 132
15 159
15 170
15 175
15 201
15 215
15 216
15 226
15 229
15 231
15 244
18 39
18 42
18 60
18 69
18 73
18 80
18 85
18 92
18 99
18 103
18 125
18 154
18 155
18 162
18 200
18 213
18 223
18 230
20 124
20 127
23 24
23 32
23 34
23 54
23 60
23 64
23 67
23 69
23 72
23 74
23 79
23 81
23 85
23 97
23 99
23 103
23 117
23 124
23 127
23 134
23 144
23 150
23 152
23 155
23 167
23 169
23 175
23 200
23 203
23 213
23 216
23 217
23 219
23 227
23 228
23 230
23 231
23 235
23 244
23 248
24 33
24 39
24 62
24 65
24 73
24 79
24 96
24 99
24 109
24 110
24 112
24 125
24 126
24 127
24 150
24 152
24 160
24 167
24 173
24 175
24 179
24 200
24 215
24 216
24 219
24 224
24 227
24 230
24 231
24 244
24 245
29 30
29 33
29 72
29 91
29 92
29 99
29 125
29 155
29 171
29 172
29 176
29 203
29 216
29 217
29 223
29 245
30 69
30 72
30 91
30 92
30 109
30 111
30 124
30 155
30 217
30 233
30 236
31 58
31 126
31 137
31 184
31 248
32 33
32 39
32 50
32 65
32 67
32 69
32 71
32 74
32 80
32 81
32 93
32 112
32 127
32 150
32 152
32 160
32 179
32 194
32 201
32 216
32 223
32 229
32 230
33 34
33 38
33 49
33 60
33 64
33 65
33 66
33 67
33 72
33 74
33 79
33 80
33 85
33 92
33 96
33 97
33 99
33 102
33 103
33 111
33 112
33 120
33 124
33 125
33 126
33 127
33 137
33 138
33 139
33 147
33 152
33 154
33 159
33 167
33 169
33 172
33 179
33 189
33 200
33 203
33 213
33 217
33 219
33 223
33 224
33 226
33 229
33 230
33 231
33 236
33 250
34 124
34 172
34 189
34 194
34 213
34 234
34 235
38 76
38 96
38 99
38 102
38 109
38 110
38 111
38 112
38 120
38 125
38 127
38 137
38 138
38 147
38 154
38 167
38 189
38 213
38 216
38 224
38 236
39 50
39 67
39 71
39 73
39 74
39 80
39 91
39 93
39 117
39 150
39 152
39 155
39 164
39 167
39 201
39 223
39 229
39 230
39 236
39 239
39 245
40 50
40 67
40 69
40 73
40 81
40 129
40 145
40 149
40 152
40 215
40 229
40 230
40 234
40 236
40 241
40 250
42 60
42 63
42 72
42 73
42 91
42 92
42 111
42 124
42 125
42 149
42 155
42 162
42 164
42 170
42 179
42 194
42 201
42 213
42 217
42 229
42 230
42 233
45 54
45 73
45 79
45 93
45 99
45 126
45 132
45 141
45 143
45 144
45 149
45 159
45 172
45 173
45 175
45 190
45 216
45 219
45 223
45 224
45 229
45 231
45 234
45 243
45 245
45 246
47 54
47 73
47 79
47 93
47 99
47 132
47 141
47 143
47 144
47 149
47 159
47 172
47 173
47 216
47 219
47 224
47 229
47 231
47 245
49 51
49 63
49 96
49 125
49 179
50 67
50 80
50 109
50 140
50 150
50 152
50 201
50 215
50 229
50 230
50 236
50 241
50 245
50 250
51 53
51 58
51 65
51 79
51 110
51 129
51 137
51 149
51 170
51 179
51 200
51 201
51 229
51 245
52 91
52 110
52 140
52 149
52 187
52 241
53 58
53 65
53 66
53 125
53 137
53 152
53 160
53 229
53 230
54 71
54 72
54 74
54 79
54 103
54 117
54 125
54 134
54 141
54 144
54 155
54 172
54 190
54 201
54 215
54 223
54 227
54 231
54 233
56 97
56 129
56 139
56 149
56 159
56 166
56 175
56 187
56 207
56 215
56 230
56 239
56 243
56 245
58 66
58 79
58 91
58 127
58 128
58 129
58 137
58 149
58 159
58 170
58 171
58 175
58 200
58 226
58 229
58 244
58 248
58 250
60 65
60 67
60 69
60 72
60 79
60 85
60 91
60 92
60 117
60 120
60 125
60 126
60 176
60 200
60 201
60 213
60 216
60 217
60 223
60 229
60 231
60 233
60 246
62 80
62 96
62 111
62 126
62 127
62 154
62 160
62 179
62 184
62 200
62 203
62 230
62 236
63 74
63 79
63 80
63 85
63 91
63 92
63 93
63 99
63 110
63 111
63 124
63 125
63 126
63 127
63 128
63 149
63 152
63 154
63 159
63 164
63 167
63 173
63 179
63 187
63 200
63 201
63 223
63 224
63 227
63 229
63 230
63 236
63 238
63 239
63 245
63 248
64 65
64 67
64 69
64 71
64 79
64 81
64 85
64 91
64 97
64 99
64 103
64 111
64 112
64 117
64 120
64 124
64 125
64 126
64 127
64 129
64 137
64 152
64 154
64 159
64 160
64 167
64 179
64 187
64 200
64 201
64 203
64 217
64 223
64 226
64 229
64 230
64 231
64 233
64 234
64 236
64 239
64 241
64 244
64 248
64 250
65 66
65 67
65 71
65 72
65 76
65 79
65 80
65 81
65 85
65 91
65 92
65 96
65 97
65 99
65 102
65 109
65 110
65 120
65 124
65 125
65 126
65 127
65 129
65 137
65 138
65 147
65 149
65 152
65 154
65 159
65 160
65 162
65 167
65 169
65 171
65 175
65 176
65 179
65 189
65 190
65 200
65 201
65 203
65 213
65 217
65 223
65 224
65 227
65 229
65 230
65 231
65 236
65 239
65 248
65 250
66 72
66 85
66 91
66 92
66 97
66 99
66 102
66 110
66 124
66 126
66 127
66 137
66 138
66 139
66 149
66 150
66 152
66 154
66 159
66 160
66 169
66 171
66 176
66 179
66 200
66 203
66 223
66 224
66 229
66 230
66 231
66 236
66 243
66 245
66 248
66 250
67 71
67 74
67 76
67 78
67 79
67 80
67 81
67 85
67 91
67 92
67 93
67 97
67 99
67 109
67 110
67 112
67 117
67 120
67 125
67 127
67 138
67 147
67 149
67 150
67 152
67 154
67 159
67 160
67 167
67 172
67 176
67 200
67 201
67 203
67 213
67 217
67 223
67 224
67 229
67 230
67 231
67 234
67 236
67 241
67 244
67 250
69 74
69 76
69 80
69 81
69 85
69 91
69 93
69 97
69 109
69 110
69 117
69 120
69 125
69 126
69 139
69 147
69 149
69 152
69 155
69 159
69 160
69 176
69 189
69 200
69 201
69 203
69 213
69 217
69 223
69 224
69 229
69 230
69 231
69 233
69 234
69 241
69 244
69 245
69 250
71 76
71 79
71 81
71 99
71 103
71 120
71 125
71 127
71 128
71 138
71 139
71 147
71 149
71 152
71 154
71 155
71 159
71 167
71 171
71 172
71 173
71 179
71 190
71 200
71 201
71 203
71 213
71 215
71 216
71 223
71 230
71 231
71 235
71 236
71 245
71 248
71 250
72 79
72 81
72 85
72 92
72 97
72 124
72 125
72 126
72 159
72 194
72 200
72 203
72 223
72 229
72 230
72 233
72 236
73 79
73 99
73 109
73 126
73 129
73 139
73 145
73 149
73 162
73 164
73 166
73 167
73 173
73 175
73 176
73 184
73 190
73 201
73 215
73 216
73 219
73 227
73 230
73 231
73 235
73 236
73 245
74 79
74 81
74 85
74 92
74 96
74 97
74 99
74 103
74 109
74 110
74 112
74 124
74 126
74 132
74 138
74 141
74 144
74 149
74 155
74 159
74 167
74 176
74 184
74 200
74 201
74 213
74 215
74 216
74 223
74 224
74 229
74 230
74 231
74 244
76 79
76 102
76 110
76 117
76 126
76 127
76 137
76 138
76 144
76 149
76 150
76 152
76 154
76 167
76 171
76 182
76 189
76 194
76 200
76 215
76 223
76 224
76 230
76 236
78 103
78 111
78 112
78 154
78 167
78 169
78 224
78 246
79 80
79 85
79 90
79 91
79 93
79 97
79 99
79 103
79 110
79 120
79 124
79 125
79 126
79 127
79 128
79 129
79 132
79 137
79 139
79 141
79 144
79 149
79 150
79 152
79 154
79 155
79 159
79 160
79 167
79 169
79 171
79 173
79 176
79 179
79 182
79 189
79 194
79 201
79 203
79 215
79 216
79 223
79 224
79 227
79 229
79 230
79 233
79 234
79 244
79 245
80 85
80 92
80 97
80 99
80 102
80 103
80 109
80 112
80 125
80 126
80 127
80 147
80 154
80 167
80 169
80 172
80 189
80 201
80 216
80 217
80 223
80 224
80 229
80 230
80 231
80 250
81 85
81 97
81 99
81 112
81 126
81 127
81 152
81 154
81 159
81 160
81 167
81 171
81 179
81 200
81 224
81 229
81 230
81 236
81 250
85 91
85 92
85 96
85 97
85 99
85 103
85 109
85 110
85 111
85 112
85 117
85 120
85 124
85 125
85 126
85 127
85 137
85 138
85 139
85 152
85 154
85 155
85 159
85 160
85 167
85 169
85 172
85 176
85 179
85 189
85 200
85 201
85 203
85 213
85 216
85 217
85 223
85 224
85 229
85 230
85 233
85 234
87 93
87 132
87 139
87 149
87 164
87 244
87 245
90 93
90 128
90 201
90 235
91 92
91 111
91 120
91 124
91 125
91 127
91 149
91 152
91 155
91 159
91 160
91 164
91 167
91 176
91 189
91 200
91 201
91 203
91 213
91 217
91 223
91 229
91 231
91 233
91 234
91 236
91 248
92 97
92 117
92 120
92 125
92 126
92 127
92 152
92 154
92 155
92 162
92 167
92 169
92 176
92 179
92 189
92 194
92 200
92 203
92 216
92 217
92 223
92 224
92 227
92 229
92 230
92 233
93 128
93 149
93 154
93 167
93 171
93 203
93 223
93 228
93 234
93 235
96 99
96 103
96 110
96 111
96 120
96 125
96 126
96 127
96 134
96 138
96 139
96 147
96 155
96 159
96 162
96 166
96 167
96 169
96 172
96 179
96 189
96 194
96 200
96 213
96 217
96 223
96 224
97 103
97 109
97 110
97 120
97 125
97 126
97 127
97 134
97 137
97 149
97 152
97 154
97 155
97 160
97 169
97 172
97 179
97 189
97 190
97 194
97 200
97 201
97 203
97 216
97 217
97 223
97 224
97 229
97 230
97 231
97 233
97 236
97 244
97 250
99 103
99 109
99 110
99 112
99 120
99 124
99 125
99 126
99 127
99 138
99 141
99 149
99 152
99 154
99 160
99 162
99 164
99 167
99 169
99 171
99 172
99 173
99 175
99 176
99 179
99 189
99 200
99 201
99 203
99 213
99 215
99 216
99 217
99 223
99 224
99 227
99 228
99 229
99 230
99 231
99 236
99 239
99 245
99 246
99 250
102 109
102 110
102 124
102 126
102 127
102 137
102 138
102 139
102 147
102 152
102 154
102 159
102 167
102 171
102 172
102 179
102 189
102 200
102 224
102 230
102 234
102 236
102 246
103 109
103 120
103 124
103 125
103 126
103 138
103 139
103 149
103 154
103 159
103 160
103 167
103 169
103 172
103 175
103 179
103 184
103 187
103 189
103 200
103 201
103 203
103 215
103 217
103 224
103 226
103 228
103 229
103 230
103 231
103 244
108 215
109 110
109 111
109 112
109 120
109 124
109 125
109 126
109 127
109 137
109 138
109 149
109 159
109 160
109 167
109 179
109 189
109 200
109 203
109 213
109 215
109 216
109 223
109 224
109 227
109 228
109 230
109 231
109 235
109 239
109 241
109 246
110 111
110 120
110 124
110 125
110 126
110 127
110 129
110 132
110 137
110 138
110 139
110 147
110 149
110 152
110 154
110 159
110 160
110 167
110 172
110 173
110 175
110 179
110 189
110 200
110 203
110 215
110 217
110 224
110 227
110 228
110 229
110 230
110 231
110 234
110 236
110 239
110 244
110 245
110 246
110 250
111 124
111 125
111 126
111 127
111 138
111 149
111 150
111 152
111 154
111 155
111 159
111 162
111 167
111 173
111 179
111 189
111 200
111 213
111 215
111 217
111 223
111 224
111 226
111 230
111 234
111 236
111 250
112 120
112 127
112 138
112 147
112 154
112 159
112 167
112 169
112 172
112 190
112 194
112 200
112 213
112 223
112 224
115 144
115 169
115 228
117 155
117 194
117 203
117 213
117 223
117 231
117 233
120 124
120 125
120 126
120 127
120 137
120 138
120 147
120 154
120 160
120 167
120 169
120 189
120 200
120 201
120 203
120 213
120 216
120 217
120 223
120 224
120 230
120 231
123 167
123 173
123 190
123 216
123 228
124 125
124 126
124 127
124 137
124 138
124 139
124 147
124 149
124 152
124 154
124 155
124 159
124 160
124 162
124 167
124 169
124 172
124 173
124 179
124 189
124 200
124 203
124 213
124 215
124 217
124 223
124 224
124 226
124 229
124 231
124 234
124 236
124 243
124 246
125 126
125 127
125 134
125 138
125 149
125 150
125 152
125 159
125 160
125 167
125 169
125 171
125 175
125 179
125 194
125 200
125 201
125 203
125 215
125 216
125 217
125 223
125 226
125 227
125 228
125 229
125 230
125 233
125 243
125 244
125 245
125 250
126 129
126 132
126 137
126 138
126 147
126 149
126 150
126 152
126 154
126 155
126 159
126 160
126 162
126 167
126 169
126 171
126 173
126 175
126 176
126 179
126 189
126 200
126 201
126 203
126 213
126 215
126 217
126 219
126 223
126 224
126 226
126 229
126 230
126 231
126 234
126 236
126 239
126 245
126 246
126 248
126 250
127 128
127 129
127 137
127 147
127 149
127 150
127 152
127 154
127 159
127 160
127 162
127 167
127 169
127 171
127 172
127 175
127 176
127 179
127 189
127 199
127 200
127 201
127 203
127 213
127 215
127 216
127 223
127 224
127 226
127 227
127 229
127 230
127 231
127 234
127 236
127 248
127 250
128 150
128 152
128 167
128 170
128 171
128 173
128 201
128 213
128 229
128 236
129 132
129 149
129 155
129 159
129 164
129 170
129 172
129 173
129 175
129 179
129 187
129 201
129 207
129 215
129 226
129 227
129 229
129 230
129 234
129 239
129 241
129 243
129 245
129 246
129 248
132 143
132 144
132 159
132 166
132 170
132 172
132 175
132 200
132 215
132 217
132 219
132 224
132 227
132 231
132 234
132 245
132 246
134 155
134 159
134 162
134 167
134 169
134 190
134 216
134 227
134 228
134 231
137 138
137 140
137 147
137 150
137 152
137 154
137 160
137 162
137 167
137 200
137 203
137 223
137 224
137 230
137 236
137 243
137 244
137 248
137 250
138 139
138 147
138 149
138 150
138 152
138 154
138 159
138 160
138 162
138 164
138 167
138 169
138 172
138 175
138 179
138 189
138 200
138 213
138 215
138 216
138 217
138 224
138 227
138 229
138 230
138 231
138 234
138 243
138 250
139 144
139 149
139 159
139 166
139 169
139 172
139 187
139 190
139 200
139 216
139 223
139 226
139 230
139 233
139 234
139 245
140 154
140 160
140 200
140 224
140 229
140 230
140 236
140 239
140 241
140 250
141 144
141 179
141 190
141 219
141 223
141 231
141 245
143 219
143 228
143 231
143 245
144 149
144 167
144 216
144 219
144 224
144 231
144 233
144 244
145 184
145 215
147 154
147 159
147 160
147 162
147 167
147 172
147 179
147 189
147 200
147 213
147 223
147 224
147 230
147 234
147 236
147 244
149 150
149 152
149 154
149 159
149 160
149 164
149 167
149 169
149 170
149 173
149 175
149 179
149 187
149 189
149 200
149 201
149 203
149 215
149 216
149 219
149 223
149 229
149 230
149 234
149 236
149 238
149 239
149 241
149 244
149 245
149 246
149 248
150 152
150 159
150 160
150 164
150 171
150 179
150 201
150 213
150 223
150 224
150 229
150 230
150 231
150 236
150 239
150 245
150 250
152 154
152 159
152 160
152 164
152 167
152 171
152 179
152 200
152 201
152 203
152 213
152 223
152 224
152 229
152 230
152 231
152 236
152 239
152 241
152 245
152 248
152 250
154 159
154 160
154 167
154 171
154 176
154 179
154 189
154 200
154 201
154 203
154 213
154 223
154 224
154 227
154 229
154 230
154 236
154 239
154 245
154 246
154 250
155 159
155 160
155 172
155 176
155 179
155 187
155 194
155 203
155 215
155 217
155 231
155 233
155 234
159 160
159 166
159 167
159 170
159 173
159 175
159 176
159 179
159 187
159 189
159 200
159 201
159 203
159 215
159 216
159 217
159 224
159 226
159 229
159 230
159 231
159 234
159 236
159 239
159 241
159 244
159 245
159 246
160 167
160 169
160 179
160 200
160 201
160 203
160 213
160 223
160 229
160 230
160 231
160 236
160 239
160 241
160 246
160 248
160 250
162 179
162 189
162 194
162 200
162 216
162 224
162 226
162 227
162 228
162 244
164 173
164 187
164 201
164 213
164 215
164 216
164 229
164 230
164 233
164 234
164 238
164 244
164 245
166 215
166 245
167 169
167 170
167 171
167 172
167 175
167 176
167 179
167 189
167 194
167 200
167 203
167 207
167 213
167 215
167 216
167 219
167 223
167 224
167 227
167 228
167 229
167 230
167 231
167 239
167 244
167 245
167 246
167 250
169 172
169 176
169 194
169 200
169 201
169 213
169 217
169 223
169 224
169 229
169 230
169 231
169 233
169 243
169 244
170 172
170 173
170 175
170 215
170 229
170 246
171 173
171 189
171 200
171 201
171 213
171 223
171 224
171 229
171 230
171 236
171 250
172 173
172 175
172 189
172 190
172 200
172 201
172 213
172 215
172 216
172 217
172 223
172 224
172 228
172 231
172 234
172 235
172 236
172 244
172 246
173 175
173 179
173 187
173 200
173 201
173 215
173 216
173 223
173 226
173 227
173 229
173 231
173 234
173 235
173 245
173 246
175 176
175 215
175 226
175 227
175 228
175 234
175 243
175 245
175 246
176 179
176 213
176 223
176 229
176 236
176 250
179 184
179 189
179 200
179 201
179 203
179 215
179 216
179 223
179 224
179 226
179 229
179 230
179 234
179 236
179 239
179 241
179 243
179 245
179 246
179 248
179 250
182 235
182 245
184 223
184 230
184 239
184 241
184 248
187 190
187 201
187 215
187 223
187 229
187 234
187 238
187 241
187 243
187 245
189 200
189 213
189 215
189 216
189 217
189 223
189 224
189 229
189 231
189 234
189 236
189 244
190 200
190 201
190 215
190 219
190 234
194 200
194 201
194 216
194 223
194 227
194 229
194 234
194 244
199 224
200 201
200 203
200 213
200 216
200 217
200 219
200 223
200 224
200 227
200 228
200 229
200 230
200 231
200 236
200 239
200 244
200 245
200 248
200 250
201 203
201 213
201 215
201 216
201 223
201 224
201 229
201 230
201 234
201 235
201 236
201 238
201 245
201 250
203 223
203 229
203 230
203 231
203 236
203 239
203 248
203 250
207 215
207 230
207 239
207 243
207 245
213 216
213 217
213 223
213 224
213 229
213 230
213 234
213 236
213 250
215 216
215 219
215 223
215 224
215 226
215 229
215 231
215 234
215 239
215 241
215 243
215 245
215 246
215 248
216 217
216 219
216 223
216 224
216 226
216 227
216 228
216 229
216 231
216 234
216 235
216 244
216 246
217 230
217 231
219 223
219 227
219 228
219 231
219 233
219 245
223 224
223 229
223 230
223 231
223 233
223 236
223 239
223 244
223 245
223 246
223 250
224 226
224 227
224 229
224 230
224 236
224 244
224 246
224 250
226 234
226 243
227 228
227 230
227 245
228 233
228 234
228 244
229 230
229 231
229 234
229 236
229 239
229 241
229 244
229 245
229 246
229 250
230 231
230 235
230 236
230 239
230 241
230 245
230 246
230 248
230 250
231 234
231 235
231 244
231 245
231 246
234 235
234 243
234 244
234 245
234 246
235 236
235 246
236 239
236 241
236 248
236 250
239 241
239 245
239 246
239 248
239 250
241 245
241 246
241 250
244 246
245 246
248 250